The PI05 model is a direct port of the OpenPI implementation. 
This implementation follows the original OpenPI structure for compatibility. 
Original implementation: https://github.com/Physical-Intelligence/openpi
Loading model from: grahamwichhh/pi05_v7_30k
✓ Loaded state dict from model.safetensors
Warning: Could not remap state dict keys: Error(s) in loading state_dict for PI05Policy:
	Missing key(s) in state_dict: "model.paligemma_with_expert.paligemma.model.language_model.embed_tokens.weight". 


running standard inference



=== RAW OBSERVATION (obs) ===
{'shoulder_pan.pos': -1.5384615384615385, 'shoulder_lift.pos': -108.26373626373626, 'elbow_flex.pos': 95.20879120879121, 'wrist_flex.pos': 70.72527472527473, 'wrist_roll.pos': -4.791208791208791, 'gripper.pos': 5.605670103092784, 'camera1': array([[[128, 144, 127],
        [148, 164, 147],
        [166, 190, 180],
        ...,
        [255, 255, 255],
        [255, 255, 255],
        [255, 255, 255]],

       [[126, 144, 143],
        [126, 144, 143],
        [158, 172, 168],
        ...,
        [255, 255, 255],
        [255, 255, 255],
        [255, 255, 255]],

       [[125, 140, 144],
        [127, 143, 147],
        [141, 151, 150],
        ...,
        [255, 255, 255],
        [255, 255, 255],
        [255, 255, 255]],

       ...,

       [[ 68,  92,  84],
        [ 67,  91,  83],
        [ 81,  82,  93],
        ...,
        [ 65,  75,  67],
        [ 67,  72,  57],
        [ 67,  72,  57]],

       [[ 71,  88,  87],
        [ 71,  88,  87],
        [ 78,  84,  91],
        ...,
        [ 60,  72,  65],
        [ 58,  74,  61],
        [ 57,  72,  60]],

       [[ 70,  89,  85],
        [ 71,  90,  86],
        [ 78,  83,  83],
        ...,
        [ 61,  72,  71],
        [ 59,  75,  61],
        [ 57,  73,  58]]], shape=(480, 640, 3), dtype=uint8), 'camera2': array([[[218, 187, 170],
        [217, 186, 169],
        [217, 186, 169],
        ...,
        [136, 120, 121],
        [137, 112, 114],
        [144, 119, 121]],

       [[173, 168, 142],
        [173, 168, 142],
        [176, 166, 142],
        ...,
        [103,  87,  88],
        [ 94,  88,  88],
        [ 97,  90,  90]],

       [[184, 174, 150],
        [185, 176, 152],
        [185, 174, 158],
        ...,
        [105,  98,  98],
        [107, 103, 100],
        [104, 100,  97]],

       ...,

       [[ 67,  63,  60],
        [ 67,  63,  60],
        [ 67,  63,  62],
        ...,
        [162, 155, 146],
        [160, 153, 142],
        [160, 153, 142]],

       [[ 62,  61,  66],
        [ 66,  66,  70],
        [ 66,  62,  57],
        ...,
        [171, 163, 154],
        [169, 164, 154],
        [160, 154, 145]],

       [[ 62,  59,  63],
        [ 68,  65,  68],
        [ 63,  64,  55],
        ...,
        [167, 161, 142],
        [167, 152, 148],
        [168, 153, 149]]], shape=(480, 640, 3), dtype=uint8), 'camera3': array([[[228, 231, 244],
        [205, 208, 220],
        [189, 189, 189],
        ...,
        [ 51,  58,  56],
        [ 58,  51,  54],
        [ 58,  51,  54]],

       [[165, 163, 161],
        [160, 158, 156],
        [178, 178, 176],
        ...,
        [ 56,  56,  56],
        [ 55,  55,  55],
        [ 55,  55,  55]],

       [[232, 232, 232],
        [171, 171, 171],
        [143, 144, 141],
        ...,
        [ 56,  56,  56],
        [ 56,  57,  52],
        [ 56,  57,  52]],

       ...,

       [[ 94,  94,  94],
        [ 94,  94,  94],
        [ 94,  94,  94],
        ...,
        [ 45,  45,  45],
        [ 44,  45,  42],
        [ 43,  43,  41]],

       [[ 94,  94,  94],
        [ 94,  94,  94],
        [ 94,  94,  94],
        ...,
        [ 45,  45,  45],
        [ 43,  43,  43],
        [ 45,  45,  45]],

       [[ 89,  99,  80],
        [ 89,  99,  80],
        [ 93,  93,  93],
        ...,
        [ 44,  46,  45],
        [ 40,  40,  38],
        [ 45,  46,  43]]], shape=(480, 640, 3), dtype=uint8), 'camera4': array([[[117,  97,  90],
        [126, 107, 100],
        [125, 106,  98],
        ...,
        [ 31,  32,  29],
        [ 23,  21,  17],
        [ 27,  26,  22]],

       [[125, 105, 100],
        [126, 106, 102],
        [126, 108,  96],
        ...,
        [ 28,  33,  29],
        [ 31,  32,  27],
        [ 31,  32,  27]],

       [[125, 105, 103],
        [125, 105, 103],
        [119, 105,  94],
        ...,
        [ 28,  31,  25],
        [ 29,  30,  25],
        [ 30,  31,  26]],

       ...,

       [[134, 123, 120],
        [135, 124, 121],
        [136, 125, 122],
        ...,
        [ 55,  43,  31],
        [ 57,  40,  32],
        [ 57,  40,  32]],

       [[136, 127, 114],
        [136, 127, 114],
        [138, 124, 115],
        ...,
        [ 54,  42,  30],
        [ 56,  40,  27],
        [ 56,  40,  27]],

       [[140, 126, 115],
        [139, 125, 114],
        [144, 123, 114],
        ...,
        [ 51,  42,  27],
        [ 51,  39,  32],
        [ 51,  39,  32]]], shape=(480, 640, 3), dtype=uint8)}

=== PROCESSED OBSERVATION (observation_frame) ===
{'observation.images.camera1': array([[[128, 144, 127],
        [148, 164, 147],
        [166, 190, 180],
        ...,
        [255, 255, 255],
        [255, 255, 255],
        [255, 255, 255]],

       [[126, 144, 143],
        [126, 144, 143],
        [158, 172, 168],
        ...,
        [255, 255, 255],
        [255, 255, 255],
        [255, 255, 255]],

       [[125, 140, 144],
        [127, 143, 147],
        [141, 151, 150],
        ...,
        [255, 255, 255],
        [255, 255, 255],
        [255, 255, 255]],

       ...,

       [[ 68,  92,  84],
        [ 67,  91,  83],
        [ 81,  82,  93],
        ...,
        [ 65,  75,  67],
        [ 67,  72,  57],
        [ 67,  72,  57]],

       [[ 71,  88,  87],
        [ 71,  88,  87],
        [ 78,  84,  91],
        ...,
        [ 60,  72,  65],
        [ 58,  74,  61],
        [ 57,  72,  60]],

       [[ 70,  89,  85],
        [ 71,  90,  86],
        [ 78,  83,  83],
        ...,
        [ 61,  72,  71],
        [ 59,  75,  61],
        [ 57,  73,  58]]], shape=(480, 640, 3), dtype=uint8), 'observation.images.camera2': array([[[218, 187, 170],
        [217, 186, 169],
        [217, 186, 169],
        ...,
        [136, 120, 121],
        [137, 112, 114],
        [144, 119, 121]],

       [[173, 168, 142],
        [173, 168, 142],
        [176, 166, 142],
        ...,
        [103,  87,  88],
        [ 94,  88,  88],
        [ 97,  90,  90]],

       [[184, 174, 150],
        [185, 176, 152],
        [185, 174, 158],
        ...,
        [105,  98,  98],
        [107, 103, 100],
        [104, 100,  97]],

       ...,

       [[ 67,  63,  60],
        [ 67,  63,  60],
        [ 67,  63,  62],
        ...,
        [162, 155, 146],
        [160, 153, 142],
        [160, 153, 142]],

       [[ 62,  61,  66],
        [ 66,  66,  70],
        [ 66,  62,  57],
        ...,
        [171, 163, 154],
        [169, 164, 154],
        [160, 154, 145]],

       [[ 62,  59,  63],
        [ 68,  65,  68],
        [ 63,  64,  55],
        ...,
        [167, 161, 142],
        [167, 152, 148],
        [168, 153, 149]]], shape=(480, 640, 3), dtype=uint8), 'observation.images.camera3': array([[[228, 231, 244],
        [205, 208, 220],
        [189, 189, 189],
        ...,
        [ 51,  58,  56],
        [ 58,  51,  54],
        [ 58,  51,  54]],

       [[165, 163, 161],
        [160, 158, 156],
        [178, 178, 176],
        ...,
        [ 56,  56,  56],
        [ 55,  55,  55],
        [ 55,  55,  55]],

       [[232, 232, 232],
        [171, 171, 171],
        [143, 144, 141],
        ...,
        [ 56,  56,  56],
        [ 56,  57,  52],
        [ 56,  57,  52]],

       ...,

       [[ 94,  94,  94],
        [ 94,  94,  94],
        [ 94,  94,  94],
        ...,
        [ 45,  45,  45],
        [ 44,  45,  42],
        [ 43,  43,  41]],

       [[ 94,  94,  94],
        [ 94,  94,  94],
        [ 94,  94,  94],
        ...,
        [ 45,  45,  45],
        [ 43,  43,  43],
        [ 45,  45,  45]],

       [[ 89,  99,  80],
        [ 89,  99,  80],
        [ 93,  93,  93],
        ...,
        [ 44,  46,  45],
        [ 40,  40,  38],
        [ 45,  46,  43]]], shape=(480, 640, 3), dtype=uint8), 'observation.state': array([  -1.5384616, -108.26373  ,   95.20879  ,   70.72527  ,
         -4.7912087,    5.60567  ], dtype=float32)}

=== ACTION VALUES (model output) ===
tensor([[  -1.4732, -104.1672,   95.6956,   71.8721,   -4.8521,    1.5649]])

=== ACTION DICT / POLICY ACTION ===
{'shoulder_pan.pos': -1.4732379913330078, 'shoulder_lift.pos': -104.167236328125, 'elbow_flex.pos': 95.69563293457031, 'wrist_flex.pos': 71.87213134765625, 'wrist_roll.pos': -4.852058410644531, 'gripper.pos': 1.5649206638336182}

=== observation.state ===
[  -1.5384616 -108.26373     95.20879     70.72527     -4.7912087
    5.60567  ]

=== action_values.shape ===
torch.Size([1, 6])

=== action_values.dtype ===
torch.float32

=== ROBOT ACTION TO SEND ===
{'shoulder_pan.pos': -1.4732379913330078, 'shoulder_lift.pos': -104.167236328125, 'elbow_flex.pos': 95.69563293457031, 'wrist_flex.pos': 71.87213134765625, 'wrist_roll.pos': -4.852058410644531, 'gripper.pos': 1.5649206638336182}
closing plot
Saved plot to benchmark_recordings/pi05_v7_30k_chunks_20260721_165228_plot.png

Top 10 action discontinuities (cross-reference iteration against your saved video frame number):
 iteration  timestamp_s  action_delta_norm
         0          0.0                0.0
